%YAML:1.0
---
CameraExtrinsicMat: !!opencv-matrix
   rows: 4
   cols: 4
   dt: d
   data: [ -5.1326192693593509e-02, -1.4088492131697954e-03,
       9.9868094859543355e-01, -1.9770140569196140e-01,
       -9.9803467225036868e-01, 3.6069943367043944e-02,
       -5.1242093747208374e-02, -8.8678155732042335e-03,
       -3.5950172874126114e-02, -9.9934827479182309e-01,
       -3.2574132264202582e-03, -2.1243894727360473e-02, 0., 0., 0., 1. ]
CameraMat: !!opencv-matrix
   rows: 3
   cols: 3
   dt: d
   data: [ 5.2295674330997258e+02, 0., 3.1811269537969451e+02, 0.,
       5.3979853980533449e+02, 1.7993009668465623e+02, 0., 0., 1. ]
DistCoeff: !!opencv-matrix
   rows: 5
   cols: 1
   dt: d
   data: [ -4.6226704215549175e-01, -1.2342695668671280e+00,
       4.2934312399432469e-02, 1.0691669066404742e-03,
       3.0119439600541420e+00 ]
ImageSize: [ 640, 480 ]
ReprojectionError: 1.9332857315658172e+00
